# Blender v2.77 (sub 0) OBJ File: 'LowPoly_Level_Kit_Rocks.blend'
# www.blender.org
g Brick_crk_02_Collider
v 0.091964 -0.010274 -0.127988
v 0.091964 0.064726 -0.127988
v 0.160744 -0.010274 -0.055398
v 0.160744 0.064726 -0.055398
v 0.068192 0.064726 0.032297
v 0.068192 -0.010274 0.032297
v -0.000588 0.064726 -0.040293
v -0.000588 -0.010274 -0.040293
v -0.024450 0.062110 0.100974
v -0.095585 0.082054 0.088048
v -0.006572 0.062110 0.002585
v -0.077707 0.082054 -0.010341
v -0.111065 -0.040856 -0.016402
v -0.039930 -0.060800 -0.003476
v -0.128943 -0.040856 0.081987
v -0.057808 -0.060800 0.094913
vt 0.9354 0.3503
vt 0.9200 0.3345
vt 0.9354 0.3345
vt 0.9704 0.3050
vt 0.9558 0.2818
vt 0.9704 0.2845
vt 0.9559 0.3327
vt 0.9705 0.3300
vt 0.9559 0.3122
vt 0.9705 0.3095
vt 0.9558 0.3023
vt 0.9405 0.3345
vt 0.9559 0.3095
vt 0.9559 0.3345
vt 0.9559 0.3540
vt 0.9407 0.3345
vt 0.9559 0.3345
vt 0.9405 0.3068
vt 0.9405 0.2818
vt 0.9558 0.3067
vt 0.9558 0.2818
vt 0.9200 0.3503
vt 0.9405 0.3095
vt 0.9407 0.3540
vn 0.7259 0.0000 -0.6878
vn -0.6878 0.0000 -0.7259
vn -0.7259 0.0000 0.6878
vn 0.6878 0.0000 0.7259
vn 0.0000 -1.0000 0.0000
vn 0.0000 1.0000 -0.0000
vn 0.1788 -0.0000 -0.9839
vn 0.2616 0.9640 0.0475
vn -0.9485 0.2659 -0.1723
vn -0.1788 -0.0000 0.9839
vn -0.2616 -0.9640 -0.0475
vn 0.9485 -0.2659 0.1723
s off
f 4/1/1 1/2/1 2/3/1
f 2/4/2 8/5/2 7/6/2
f 6/7/3 7/6/3 8/5/3
f 5/8/4 3/9/4 4/10/4
f 6/7/5 1/11/5 3/9/5
f 2/4/6 5/8/6 4/10/6
f 13/12/7 11/13/7 14/14/7
f 10/15/8 11/16/8 12/17/8
f 13/12/9 10/18/9 12/17/9
f 15/19/10 9/20/10 10/18/10
f 15/19/11 14/14/11 16/21/11
f 9/20/12 14/14/12 11/13/12
f 4/1/1 3/22/1 1/2/1
f 2/4/2 1/11/2 8/5/2
f 6/7/3 5/8/3 7/6/3
f 5/8/4 6/7/4 3/9/4
f 6/7/5 8/5/5 1/11/5
f 2/4/6 7/6/6 5/8/6
f 13/12/7 12/23/7 11/13/7
f 10/15/8 9/24/8 11/16/8
f 13/12/9 15/19/9 10/18/9
f 15/19/10 16/21/10 9/20/10
f 15/19/11 13/12/11 14/14/11
f 9/20/12 16/21/12 14/14/12
